000458	1
004477	3
005108	3
001926	2
005463	4
003028	2
002315	2
003143	2
004988	3
008389	5
008531	5
000841	1
005841	4
004482	3
008929	5
003864	3
006985	4
003416	3
009556	6
007785	5
008226	5
007315	4
000761	1
004151	3
006936	4
004770	3
009518	6
003946	3
000830	1
001582	2
005249	3
000774	1
001999	2
001224	1
006685	4
001691	2
000439	1
009560	6
005483	4
008718	5
005133	3
003216	2
001120	1
006279	4
000511	1
001040	1
008342	5
004491	3
000826	1
000254	1
009139	5
004872	3
001631	2
003091	2
003059	2
004804	3
002397	2
003741	3
005608	4
009068	5
001775	2
004223	3
002158	2
009203	5
007466	5
008211	5
003231	2
009482	6
006022	4
009390	6
007967	5
005063	3
005472	4
008029	5
004084	3
004433	3
000046	1
008004	5
008857	5
008800	5
007715	5
007331	4
005137	3
001078	1
007512	5
006000	4
003903	3
002035	2
001505	2
008380	5
007494	5
001844	2
005596	4
007847	5
003898	3
004487	3
005045	3
009694	6
006899	4
002708	2
003606	3
007963	5
000422	1
005394	4
003088	2
006409	4
000097	1
006975	4
007165	4
004665	3
000598	1
002272	2
005915	4
000425	1
001551	2
001418	2
006100	4
001258	1
009601	6
001757	2
000967	1
008210	5
001758	2
008680	5
009857	6
005179	3
008311	5
001950	2
002429	2
003145	2
005958	4
009463	6
004466	3
003564	3
006868	4
006561	4
001675	2
001658	2
007367	4
007719	5
008403	5
005506	4
004826	3
007238	4
008106	5
002217	2
007989	5
002614	2
001589	2
000467	1
000180	1
000019	1
002830	2
001167	1
006031	4
003176	2
003789	3
007249	4
007347	4
007469	5
003867	3
004745	3
001573	2
007078	4
008994	5
000284	1
005798	4
002458	2
005530	4
009107	5
004228	3
001364	1
003979	3
008815	5
009176	5
001729	2
001469	2
009169	5
001095	1
008096	5
002218	2
009865	6
004092	3
009106	5
004713	3
009629	6
004918	3
007448	5
007570	5
005540	4
008334	5
007471	5
002873	2
005984	4
006848	4
007156	4
007401	5
004557	3
003639	3
006697	4
002730	2
004996	3
004340	3
006277	4
009742	6
003558	3
009831	6
004733	3
005019	3
001711	2
006736	4
004501	3
003408	3
008337	5
009447	6
006829	4
006145	4
004513	3
009132	5
004324	3
005580	4
004678	3
009049	5
005740	4
001189	1
005503	4
001677	2
004739	3
005476	4
009037	5
002100	2
009817	6
000487	1
005305	3
004144	3
003495	3
007310	4
005049	3
005912	4
003562	3
006594	4
009065	5
004508	3
008775	5
007783	5
009353	5
001590	2
006482	4
001845	2
008794	5
004707	3
009054	5
002097	2
004531	3
000554	1
006436	4
001405	2
002249	2
001049	1
007625	5
008858	5
003445	3
003666	3
007590	5
004579	3
007566	5
002605	2
003133	2
005649	4
004824	3
008534	5
001194	1
005405	4
008862	5
007500	5
005827	4
000146	1
003429	3
002889	2
003267	2
005103	3
007834	5
004088	3
005373	4
000881	1
009431	6
000617	1
001886	2
001933	2
009402	6
001701	2
005256	3
007973	5
004913	3
005933	4
003290	2
008457	5
007053	4
004839	3
002103	2
003834	3
008606	5
007060	4
005451	4
005496	4
007495	5
005966	4
005113	3
006095	4
001093	1
004373	3
003233	2
005224	3
005393	4
001213	1
004735	3
001421	2
004740	3
008347	5
002110	2
007811	5
006246	4
005565	4
002942	2
003602	3
008563	5
009670	6
006461	4
004274	3
001496	2
008415	5
000927	1
003675	3
003338	2
008258	5
003251	2
009614	6
009036	5
009648	6
003655	3
009528	6
005454	4
007046	4
000777	1
004965	3
008685	5
007166	4
000946	1
007758	5
004534	3
000181	1
006480	4
008416	5
003710	3
001713	2
000807	1
008526	5
001892	2
004674	3
005365	3
005477	4
008411	5
000915	1
006801	4
004158	3
003386	3
006728	4
009779	6
007981	5
004834	3
006738	4
005559	4
009759	6
000518	1
002825	2
000391	1
005979	4
006862	4
003136	2
007149	4
003450	3
000187	1
005369	3
002143	2
007468	5
009241	5
002070	2
007408	5
009664	6
003973	3
005370	4
005909	4
001297	1
009246	5
002430	2
002777	2
000400	1
005420	4
008140	5
001026	1
001366	1
008977	5
004718	3
000251	1
005633	4
006341	4
005351	3
004544	3
006532	4
001833	2
008622	5
005688	4
003111	2
006891	4
009443	6
003585	3
001430	2
001746	2
002385	2
008278	5
003012	2
005170	3
002525	2
007731	5
000710	1
001858	2
001826	2
003069	2
009354	5
002090	2
001053	1
000654	1
002755	2
006937	4
006173	4
004541	3
009356	5
005508	4
003566	3
005811	4
003085	2
002022	2
008085	5
009641	6
004624	3
000553	1
005323	3
007985	5
005347	3
002851	2
006828	4
004999	3
006195	4
004035	3
002392	2
004944	3
003342	2
005719	4
002031	2
004008	3
005822	4
000462	1
008208	5
006212	4
001621	2
000703	1
007071	4
006012	4
005813	4
002472	2
008287	5
006558	4
000115	1
004518	3
009732	6
007974	5
006320	4
006956	4
003735	3
009328	5
008326	5
008023	5
006990	4
006567	4
004150	3
001984	2
008163	5
009059	5
004489	3
004196	3
004475	3
005631	4
007775	5
002994	2
007765	5
003227	2
004050	3
003711	3
008691	5
003002	2
008400	5
004010	3
002663	2
008992	5
002968	2
005816	4
004020	3
001990	2
002435	2
009662	6
001788	2
003311	2
001938	2
009572	6
008883	5
004300	3
006954	4
008757	5
009638	6
007228	4
005599	4
003142	2
001548	2
001024	1
002419	2
005241	3
001243	1
002857	2
009025	5
008741	5
008156	5
007027	4
009372	6
007169	4
009564	6
005836	4
004093	3
006286	4
005757	4
009229	5
009371	6
001712	2
009299	5
003422	3
000472	1
008098	5
005298	3
003346	2
005817	4
007449	5
002370	2
007253	4
007525	5
004669	3
004277	3
001107	1
001921	2
009259	5
003015	2
009496	6
000750	1
002350	2
000694	1
001875	2
002862	2
004558	3
005265	3
005236	3
001687	2
000941	1
004283	3
005128	3
002763	2
000973	1
000007	1
001096	1
000178	1
004847	3
004938	3
002988	2
009206	5
007796	5
007543	5
002527	2
007032	4
000850	1
009593	6
005273	3
003760	3
004465	3
001799	2
008350	5
005017	3
007801	5
009597	6
000888	1
004649	3
007094	4
003394	3
008586	5
009086	5
007839	5
009163	5
000832	1
000322	1
003846	3
002998	2
008010	5
007424	5
009397	6
005427	4
008117	5
005612	4
008848	5
006274	4
009346	5
009780	6
008784	5
002528	2
001173	1
005322	3
007139	4
002079	2
007173	4
007378	5
004575	3
002716	2
005866	4
001860	2
001413	2
001819	2
007419	5
000500	1
001699	2
006718	4
004811	3
002874	2
004359	3
002210	2
004222	3
002746	2
001883	2
004190	3
002551	2
004729	3
007836	5
006166	4
000965	1
005578	4
008364	5
004073	3
007957	5
001408	2
002151	2
005314	3
008310	5
006904	4
005468	4
003705	3
007015	4
009297	5
004258	3
009570	6
009646	6
005699	4
001106	1
009642	6
002559	2
005293	3
003199	2
002847	2
003783	3
004067	3
005213	3
001166	1
008038	5
005025	3
002039	2
006740	4
001300	1
004152	3
003737	3
009621	6
003310	2
005860	4
003739	3
004368	3
007887	5
008099	5
002189	2
000602	1
005894	4
007192	4
004330	3
000192	1
000494	1
006179	4
006503	4
000719	1
008482	5
003911	3
004559	3
001367	1
006565	4
008969	5
006771	4
007710	5
006599	4
000994	1
005587	4
003610	3
008854	5
001193	1
005861	4
009912	6
005324	3
005952	4
000834	1
001033	1
001878	2
004036	3
000044	1
008125	5
002296	2
004676	3
008940	5
007265	4
008613	5
004420	3
003182	2
008558	5
000564	1
006672	4
004900	3
003413	3
004157	3
000161	1
007229	4
008981	5
006839	4
001668	2
002492	2
008234	5
009825	6
007911	5
000432	1
004016	3
007113	4
002378	2
009877	6
005837	4
002219	2
005590	4
005493	4
009323	5
009679	6
002413	2
004978	3
002756	2
002483	2
005411	4
007467	5
009281	5
009261	5
004427	3
004333	3
001624	2
007679	5
002540	2
008615	5
008822	5
002832	2
004572	3
008294	5
006234	4
002576	2
003525	3
002664	2
008464	5
001640	2
009368	5
007063	4
008721	5
009258	5
004124	3
005388	4
002918	2
002488	2
008093	5
006755	4
006494	4
005722	4
008068	5
001164	1
006437	4
008589	5
008744	5
009607	6
001588	2
002582	2
001489	2
005486	4
002252	2
008727	5
002818	2
008077	5
004908	3
007537	5
006256	4
004055	3
000232	1
002632	2
008228	5
006291	4
007242	4
008882	5
009750	6
009795	6
005470	4
001894	2
003889	3
006845	4
001255	1
008869	5
005391	4
002002	2
003738	3
000247	1
003448	3
005417	4
005552	4
001042	1
007442	5
009425	6
001595	2
000325	1
006915	4
002164	2
000157	1
007923	5
003067	2
004241	3
002448	2
004803	3
003390	3
001383	2
006130	4
001075	1
003493	3
002516	2
007236	4
000540	1
005374	4
003849	3
006923	4
000013	1
007010	4
009512	6
005554	4
000395	1
006559	4
002533	2
002131	2
007230	4
005348	3
001333	1
007752	5
005763	4
001991	2
002052	2
008069	5
005889	4
006219	4
009772	6
007642	5
008164	5
001196	1
006719	4
006518	4
001536	2
006421	4
002627	2
002062	2
003618	3
003107	2
001206	1
008064	5
009687	6
000912	1
001109	1
002863	2
006475	4
003622	3
002043	2
006231	4
006826	4
004754	3
000651	1
000281	1
007519	5
000594	1
008544	5
007741	5
007204	4
009569	6
008317	5
001486	2
001264	1
003293	2
000968	1
005042	3
005201	3
006252	4
003285	2
002297	2
008442	5
002343	2
006665	4
002118	2
005804	4
007660	5
004091	3
007879	5
008451	5
002723	2
000239	1
000692	1
001198	1
004216	3
007828	5
000568	1
002225	2
005357	3
009315	5
008014	5
003127	2
006349	4
006652	4
004319	3
002787	2
006737	4
008823	5
007232	4
000655	1
002329	2
008035	5
006041	4
007694	5
001563	2
007205	4
005818	4
007863	5
000964	1
007872	5
007671	5
004714	3
007426	5
005532	4
007039	4
001620	2
000054	1
007607	5
002536	2
003811	3
007988	5
001770	2
004581	3
003140	2
000016	1
001847	2
000536	1
001968	2
003583	3
007572	5
005881	4
006531	4
000111	1
003317	2
001686	2
000120	1
003640	3
002234	2
008299	5
007064	4
005753	4
001099	1
002742	2
005651	4
007199	4
003132	2
008045	5
007810	5
004619	3
009856	6
002381	2
007263	4
007617	5
006324	4
003474	3
001653	2
006917	4
008206	5
007190	4
003513	3
001236	1
005216	3
002744	2
001249	1
006938	4
003080	2
005432	4
005549	4
009393	6
005622	4
002480	2
001629	2
003020	2
003874	3
004027	3
000357	1
007123	4
002175	2
000931	1
007618	5
006083	4
003519	3
001402	2
004429	3
000026	1
000368	1
008906	5
004256	3
006287	4
002434	2
001250	1
007260	4
003210	2
003726	3
009061	5
006188	4
007114	4
001725	2
002970	2
004708	3
002502	2
004131	3
008572	5
008481	5
002373	2
004146	3
002681	2
004047	3
008261	5
000792	1
006335	4
008892	5
003642	3
000173	1
006028	4
008927	5
009771	6
002975	2
002626	2
003246	2
005962	4
002268	2
008983	5
009105	5
003501	3
002522	2
005416	4
001993	2
000865	1
001466	2
006833	4
000642	1
002238	2
006196	4
005449	4
002191	2
005848	4
002971	2
002501	2
003483	3
000843	1
002285	2
003409	3
007859	5
005929	4
009514	6
002361	2
004715	3
006101	4
007729	5
004549	3
000562	1
009348	5
002507	2
007833	5
002845	2
001988	2
001748	2
006133	4
008322	5
003524	3
004886	3
003118	2
006716	4
009619	6
002127	2
008619	5
004202	3
008323	5
007282	4
007142	4
007490	5
000321	1
001846	2
001360	1
004237	3
001521	2
004980	3
004852	3
008251	5
005624	4
003404	3
000718	1
003852	3
001079	1
005207	3
007042	4
006096	4
007928	5
007390	5
007404	5
006674	4
000336	1
004568	3
001050	1
007563	5
008834	5
005924	4
002652	2
009859	6
008584	5
000673	1
002926	2
004270	3
002260	2
008282	5
006346	4
009530	6
008649	5
001143	1
001650	2
001192	1
006248	4
005632	4
001387	2
005696	4
000152	1
003702	3
008885	5
006048	4
001212	1
000775	1
000217	1
003488	3
002798	2
002599	2
002899	2
007956	5
004890	3
007891	5
005443	4
000067	1
002887	2
008937	5
003378	3
001129	1
002133	2
009264	5
006723	4
007509	5
000799	1
006488	4
006711	4
005845	4
007211	4
009110	5
007830	5
000952	1
007936	5
002974	2
007278	4
002992	2
007212	4
007822	5
007145	4
008097	5
000431	1
000845	1
009700	6
005013	3
005012	3
000683	1
005204	3
008768	5
004737	3
008889	5
003664	3
007492	5
006442	4
001175	1
003698	3
003165	2
009209	5
006696	4
008104	5
008232	5
004499	3
001626	2
005944	4
000616	1
003397	3
008184	5
006864	4
004867	3
002625	2
002005	2
002933	2
000933	1
008762	5
002858	2
003637	3
006878	4
009427	6
007909	5
000808	1
000835	1
007271	4
003234	2
009138	5
000459	1
008637	5
007061	4
004260	3
000498	1
002591	2
001697	2
009870	6
001580	2
005196	3
007434	5
006217	4
001349	1
008154	5
002628	2
000354	1
000878	1
003036	2
004026	3
006540	4
000349	1
004414	3
009383	6
008659	5
008863	5
000440	1
006245	4
005505	4
001780	2
008318	5
007788	5
006803	4
009240	5
001201	1
003988	3
007915	5
008726	5
005826	4
009755	6
008327	5
002564	2
009062	5
007921	5
004990	3
003328	2
005708	4
002792	2
002417	2
001848	2
001363	1
001834	2
008521	5
001060	1
005673	4
005429	4
000246	1
007335	4
006366	4
006137	4
001226	1
002122	2
007287	4
008812	5
005233	3
004288	3
002996	2
009235	5
000870	1
000250	1
007441	5
009539	6
002729	2
004710	3
008959	5
006224	4
000618	1
001248	1
004030	3
003103	2
004086	3
003876	3
007319	4
004230	3
007073	4
002761	2
003648	3
005286	3
006458	4
006344	4
005442	4
005291	3
002253	2
005897	4
007080	4
008328	5
000035	1
001134	1
006181	4
004935	3
001959	2
004925	3
009510	6
005163	3
004116	3
008788	5
000435	1
004331	3
001126	1
004539	3
006563	4
008600	5
000474	1
005998	4
007470	5
000319	1
001482	2
008887	5
000904	1
009073	5
003241	2
001747	2
006459	4
006385	4
004633	3
008159	5
008933	5
006229	4
004338	3
009668	6
007524	5
009610	6
000113	1
003674	3
000619	1
009889	6
000280	1
002289	2
006294	4
006877	4
005849	4
001235	1
002548	2
008267	5
001393	2
004646	3
000012	1
005156	3
005270	3
002697	2
000637	1
001681	2
004751	3
003717	3
002556	2
004299	3
000028	1
009078	5
000576	1
000024	1
004286	3
003497	3
001065	1
005222	3
002616	2
001001	1
008973	5
001842	2
000315	1
007677	5
008582	5
003787	3
009111	5
006325	4
006662	4
002539	2
006721	4
009296	5
007943	5
001932	2
006200	4
006572	4
008368	5
000331	1
002766	2
007302	4
003301	2
004782	3
008075	5
008651	5
001824	2
002211	2
004702	3
004217	3
007298	4
002445	2
002233	2
001037	1
001965	2
007754	5
001539	2
004734	3
007544	5
007376	5
001027	1
003855	3
001403	2
003113	2
001426	2
000898	1
002145	2
003743	3
001351	1
008341	5
003776	3
008974	5
009057	5
009214	5
002721	2
009333	5
003686	3
003929	3
000894	1
006244	4
004147	3
008363	5
009042	5
002477	2
005759	4
009625	6
001377	2
005930	4
004637	3
006650	4
007583	5
003033	2
003650	3
007588	5
003719	3
003617	3
007996	5
005640	4
001612	2
008092	5
001453	2
009394	6
003003	2
004753	3
007402	5
007630	5
008175	5
005267	3
002038	2
005439	4
001642	2
003168	2
002613	2
006226	4
001816	2
002678	2
005259	3
008265	5
001958	2
004939	3
009160	5
009182	5
007107	4
000245	1
004457	3
007886	5
004643	3
007334	4
005686	4
004292	3
007251	4
001709	2
001188	1
003896	3
005023	3
004611	3
005801	4
000963	1
000338	1
007549	5
003634	3
002013	2
006014	4
002239	2
002298	2
007530	5
005119	3
001035	1
002301	2
004550	3
006511	4
009391	6
001131	1
003420	3
007416	5
002215	2
005441	4
007371	5
001395	2
008138	5
008926	5
001829	2
009381	6
002820	2
001679	2
005244	3
002084	2
004079	3
003388	3
002951	2
003181	2
004143	3
009864	6
008543	5
002617	2
008836	5
008881	5
003195	2
007292	4
006372	4
006239	4
008538	5
007608	5
007881	5
001641	2
001397	2
008271	5
000730	1
006037	4
008249	5
000546	1
002467	2
008321	5
006491	4
005360	3
000306	1
004262	3
005523	4
007910	5
001812	2
001955	2
003494	3
008660	5
005307	3
002572	2
007388	5
004855	3
004628	3
006358	4
000573	1
005606	4
002546	2
004716	3
007613	5
004924	3
006884	4
007681	5
007573	5
005332	3
005264	3
005515	4
008132	5
001285	1
005331	3
001980	2
006912	4
002534	2
000367	1
002222	2
002473	2
006932	4
000372	1
004087	3
001132	1
009665	6
000218	1
001257	1
005184	3
005776	4
002248	2
008332	5
005720	4
004024	3
002589	2
001736	2
007459	5
007875	5
008914	5
003604	3
003292	2
008170	5
003019	2
004639	3
006451	4
000130	1
008732	5
002593	2
007361	4
008130	5
007417	5
008450	5
006150	4
001873	2
004163	3
003263	2
003405	3
008221	5
000695	1
001220	1
001240	1
003188	2
003830	3
004251	3
002555	2
003395	3
000620	1
004479	3
009300	5
005626	4
005663	4
003884	3
000520	1
001639	2
007568	5
001083	1
003344	2
004160	3
008513	5
005058	3
006971	4
004594	3
007740	5
006836	4
005973	4
002256	2
009905	6
006550	4
000805	1
004451	3
009613	6
000135	1
004127	3
009822	6
005883	4
007507	5
003041	2
001162	1
006641	4
002357	2
002807	2
000265	1
007814	5
005749	4
005340	3
001233	1
009793	6
001743	2
008051	5
008190	5
007632	5
002314	2
006013	4
002854	2
006750	4
005685	4
001370	2
006960	4
009228	5
001025	1
001831	2
006043	4
008302	5
009003	5
007827	5
001124	1
006465	4
000652	1
005098	3
006328	4
004104	3
004709	3
005440	4
009270	5
005767	4
000429	1
005400	4
004923	3
005809	4
005677	4
004765	3
001331	1
000895	1
006681	4
007531	5
003607	3
007124	4
009069	5
007558	5
009520	6
006115	4
005166	3
009691	6
003508	3
003715	3
002916	2
002469	2
000960	1
003343	2
004364	3
008965	5
008746	5
003109	2
009154	5
008658	5
009135	5
009125	5
007604	5
004700	3
009039	5
005785	4
006809	4
008427	5
004823	3
000036	1
008463	5
009544	6
003538	3
004788	3
008500	5
008960	5
005218	3
007727	5
001422	2
003090	2
006794	4
005764	4
001074	1
000646	1
005297	3
007724	5
002757	2
007730	5
005226	3
000171	1
001146	1
004169	3
001183	1
005005	3
008250	5
008522	5
000504	1
006765	4
005145	3
005205	3
004149	3
006602	4
002816	2
004298	3
006061	4
005987	4
001916	2
006159	4
004767	3
007638	5
002991	2
009126	5
003770	3
009765	6
008090	5
005321	3
005547	4
006666	4
003235	2
009331	5
003038	2
009868	6
004224	3
004161	3
008046	5
003694	3
007526	5
001013	1
002291	2
005545	4
004388	3
006030	4
004290	3
002658	2
009899	6
002795	2
007045	4
002883	2
001633	2
005068	3
002261	2
008492	5
006679	4
003383	3
000906	1
009599	6
006164	4
006905	4
002959	2
004296	3
006588	4
002292	2
007866	5
003324	2
005002	3
004956	3
001412	2
008949	5
000373	1
004883	3
007771	5
007615	5
002128	2
002197	2
004389	3
003660	3
007939	5
009133	5
005191	3
007269	4
009748	6
000867	1
003212	2
003275	2
009909	6
000477	1
005183	3
001827	2
009006	5
007235	4
009509	6
003708	3
004273	3
008742	5
000902	1
003340	2
007394	5
007502	5
005913	4
001600	2
002153	2
008107	5
006205	4
004398	3
004723	3
002629	2
001273	1
000214	1
007713	5
000985	1
005839	4
000150	1
005583	4
002183	2
009582	6
004242	3
000136	1
003476	3
000613	1
001238	1
001424	2
008998	5
008212	5
007962	5
003366	2
004126	3
003723	3
006972	4
002872	2
004121	3
003909	3
007460	5
006146	4
008700	5
007794	5
007321	4
007214	4
007766	5
006242	4
001728	2
005601	4
007043	4
005714	4
006089	4
001429	2
004221	3
002949	2
000360	1
003775	3
001428	2
007704	5
002312	2
000858	1
006533	4
000940	1
000355	1
009080	5
003265	2
007906	5
000636	1
008888	5
000565	1
004059	3
007808	5
006386	4
006700	4
004075	3
005083	3
002657	2
000890	1
008730	5
000769	1
001374	2
003840	3
001292	1
002892	2
007405	5
003336	2
000738	1
002088	2
006670	4
001905	2
002779	2
008485	5
000882	1
001995	2
003948	3
003941	3
005812	4
006329	4
005266	3
003536	3
000669	1
000950	1
000966	1
002345	2
003000	2
002029	2
004227	3
005456	4
004743	3
000485	1
000706	1
004077	3
000156	1
003733	3
005698	4
000782	1
006523	4
009242	5
007774	5
003460	3
003569	3
003135	2
005964	4
009545	6
008116	5
009489	6
001518	2
006948	4
005146	3
004762	3
009762	6
004142	3
007116	4
002660	2
001291	1
009389	6
009844	6
007382	5
002594	2
007049	4
007837	5
006353	4
005406	4
002925	2
008357	5
008240	5
004610	3
003193	2
001464	2
000585	1
009453	6
007780	5
005355	3
006416	4
003327	2
000471	1
003417	3
005097	3
008100	5
001877	2
004322	3
005648	4
007977	5
003356	2
000176	1
004392	3
007778	5
006704	4
001151	1
006098	4
006213	4
008873	5
005294	3
005550	4
005302	3
002015	2
005035	3
008905	5
009290	5
007421	5
000149	1
005473	4
007054	4
000569	1
000124	1
005701	4
006359	4
002985	2
002688	2
004474	3
003827	3
009726	6
003837	3
003171	2
005447	4
007606	5
006725	4
001783	2
009821	6
004993	3
009722	6
002173	2
006499	4
003729	3
001751	2
001919	2
007893	5
001149	1
003764	3
007768	5
000166	1
009441	6
006787	4
009606	6
009449	6
005030	3
000790	1
006055	4
003753	3
006664	4
003671	3
000947	1
005888	4
001504	2
009128	5
008204	5
007674	5
004312	3
000612	1
005922	4
006976	4
004046	3
003079	2
007689	5
003712	3
008675	5
009475	6
005047	3
006856	4
006053	4
006393	4
003799	3
003509	3
002848	2
003823	3
002638	2
001323	1
002701	2
001605	2
004205	3
000424	1
004471	3
009317	5
006278	4
009713	6
001545	2
002066	2
000732	1
005571	4
006054	4
006247	4
006441	4
000817	1
008681	5
008695	5
008839	5
005687	4
003868	3
005751	4
003496	3
008161	5
000452	1
006962	4
004598	3
000215	1
009178	5
007482	5
002468	2
005283	3
005010	3
007373	5
005372	4
003217	2
005807	4
001157	1
008439	5
004461	3
006077	4
000455	1
006677	4
007446	5
006529	4
000415	1
007117	4
009016	5
003828	3
003192	2
003144	2
005778	4
007254	4
004850	3
003608	3
004271	3
008186	5
005425	4
008194	5
008436	5
008376	5
003980	3
002960	2
009873	6
006987	4
007309	4
002914	2
003907	3
003163	2
009595	6
005646	4
004899	3
000543	1
009293	5
005564	4
002997	2
000693	1
002789	2
009695	6
007658	5
006495	4
001685	2
009682	6
007138	4
008710	5
008086	5
000606	1
007370	5
007718	5
002944	2
004042	3
000356	1
006051	4
001318	1
005650	4
007592	5
000768	1
006625	4
006687	4
000951	1
003716	3
005738	4
004458	3
005210	3
001676	2
008187	5
002800	2
000776	1
000586	1
008162	5
008683	5
000261	1
000003	1
008007	5
001111	1
002447	2
000728	1
006928	4
004456	3
002707	2
007854	5
008174	5
007813	5
007439	5
003299	2
003042	2
001943	2
007140	4
009835	6
004018	3
008027	5
005891	4
000727	1
001836	2
000387	1
004981	3
008065	5
007293	4
008455	5
002940	2
009846	6
001017	1
008372	5
007868	5
003678	3
006920	4
003847	3
006390	4
009462	6
005235	3
000029	1
009013	5
005504	4
009130	5
001509	2
004742	3
007047	4
001610	2
006525	4
003361	2
007447	5
000883	1
004951	3
001680	2
006327	4
007464	5
001591	2
006125	4
000223	1
008759	5
007559	5
003718	3
002335	2
004977	3
000412	1
001306	1
009628	6
005338	3
003131	2
002891	2
001998	2
009568	6
003689	3
009813	6
008827	5
006178	4
003316	2
005263	3
009731	6
001661	2
005576	4
003075	2
002696	2
001708	2
007196	4
000086	1
005200	3
002875	2
008773	5
005142	3
004464	3
006680	4
001342	1
005330	3
007279	4
006846	4
004098	3
007381	5
000920	1
007001	4
009575	6
002821	2
002588	2
002955	2
003654	3
006382	4
003096	2
003904	3
004514	3
006323	4
006221	4
009630	6
007250	4
001150	1
004766	3
001810	2
002311	2
008676	5
004148	3
009247	5
002057	2
007475	5
000548	1
004168	3
007233	4
003120	2
002655	2
008392	5
000235	1
007026	4
002245	2
006326	4
007777	5
009708	6
001952	2
006394	4
002299	2
001587	2
001577	2
008917	5
001449	2
000326	1
007108	4
006603	4
002561	2
005993	4
005120	3
000922	1
007178	4
004206	3
002282	2
007207	4
004044	3
008601	5
002027	2
000558	1
007515	5
004687	3
008588	5
000211	1
006988	4
008846	5
003037	2
001268	1
008739	5
007062	4
004666	3
005105	3
006860	4
005471	4
009851	6
004587	3
007941	5
006645	4
007772	5
004600	3
000861	1
000789	1
005707	4
009903	6
002733	2
004204	3
003954	3
000010	1
001723	2
006927	4
003161	2
004986	3
007104	4
005898	4
001953	2
002346	2
009499	6
003074	2
006984	4
001781	2
006263	4
008663	5
004083	3
007697	5
004401	3
009637	6
008832	5
008828	5
005276	3
005810	4
006986	4
009741	6
002257	2
007276	4
002130	2
000914	1
007984	5
006573	4
003270	2
001400	2
002523	2
002206	2
001733	2
009250	5
005591	4
001528	2
009144	5
002383	2
008688	5
004672	3
008961	5
000076	1
002774	2
002423	2
004614	3
001217	1
001039	1
001208	1
004653	3
001051	1
002581	2
001021	1
001113	1
002010	2
007385	5
005444	4
005868	4
000269	1
008196	5
007925	5
008527	5
009401	6
005147	3
009535	6
004565	3
002759	2
001738	2
003815	3
007953	5
006134	4
008316	5
006367	4
004015	3
008999	5
004741	3
004415	3
007004	4
002698	2
003044	2
005499	4
002152	2
003762	3
009000	5
000091	1
006282	4
007807	5
000515	1
002107	2
006906	4
009521	6
000340	1
002336	2
001345	1
008131	5
004701	3
002938	2
005878	4
001409	2
003048	2
009424	6
005469	4
003043	2
008150	5
008781	5
003458	3
007369	4
005704	4
005941	4
009500	6
001599	2
004950	3
007687	5
002146	2
006199	4
003535	3
007815	5
007176	4
005032	3
002082	2
001571	2
005232	3
000668	1
001947	2
009047	5
004768	3
008542	5
009773	6
008242	5
003620	3
007736	5
002927	2
008982	5
004118	3
001112	1
005494	4
000080	1
002919	2
004343	3
007670	5
009598	6
002768	2
008963	5
002543	2
002274	2
009714	6
002263	2
007695	5
000625	1
000840	1
002144	2
007546	5
006485	4
001159	1
003430	3
003537	3
004351	3
000582	1
007267	4
009764	6
009336	5
003364	2
006804	4
009406	6
002055	2
000959	1
007429	5
002391	2
000495	1
009359	5
006423	4
000030	1
008930	5
005758	4
008870	5
002797	2
000740	1
003955	3
002999	2
004952	3
002232	2
002411	2
005653	4
002511	2
002906	2
001043	1
006447	4
000293	1
009439	6
004381	3
005421	4
009559	6
006062	4
009580	6
002068	2
007907	5
006901	4
007437	5
009720	6
009180	5
006455	4
007206	4
006767	4
008172	5
003444	3
003499	3
001382	2
001442	2
008868	5
001704	2
006318	4
001338	1
003148	2
001484	2
003832	3
004247	3
000905	1
008745	5
000490	1
006635	4
008173	5
001314	1
002364	2
004802	3
001608	2
006496	4
006866	4
006215	4
009776	6
000720	1
003502	3
008373	5
005568	4
003901	3
006863	4
008555	5
009907	6
006751	4
003362	2
000108	1
002174	2
006500	4
003924	3
006411	4
009891	6
001104	1
001378	2
004813	3
005074	3
002216	2
000739	1
005630	4
004399	3
003875	3
008454	5
004250	3
004556	3
006371	4
000228	1
000953	1
001522	2
006093	4
006235	4
003307	2
001698	2
009617	6
007372	5
008205	5
004236	3
000752	1
004690	3
007664	5
007231	4
002685	2
006517	4
006872	4
007312	4
005006	3
008152	5
008245	5
008737	5
002618	2
004280	3
002695	2
002810	2
004797	3
006520	4
007128	4
007187	4
004394	3
000962	1
000566	1
001282	1
007454	5
009716	6
000610	1
003709	3
004922	3
007360	4
008124	5
002621	2
006005	4
001174	1
009760	6
000399	1
003975	3
004391	3
004877	3
005528	4
008292	5
001178	1
007889	5
005027	3
000770	1
004612	3
007134	4
008590	5
003696	3
000183	1
002172	2
006023	4
001298	1
000092	1
004620	3
006040	4
005455	4
009364	5
009112	5
002794	2
002205	2
000296	1
004379	3
008426	5
008348	5
002484	2
000393	1
007521	5
000359	1
004136	3
001438	2
002081	2
003615	3
005488	4
005711	4
001646	2
007655	5
009220	5
006522	4
009378	6
009680	6
002360	2
009071	5
002911	2
001216	1
006143	4
002720	2
008201	5
001142	1
003500	3
004929	3
005703	4
008804	5
002867	2
003782	3
004828	3
006813	4
005269	3
001260	1
001793	2
008468	5
007025	4
007817	5
002020	2
009481	6
007136	4
001665	2
002869	2
002877	2
004631	3
007639	5
001540	2
007202	4
009398	6
003713	3
009910	6
004875	3
000243	1
000847	1
002961	2
006208	4
009667	6
007056	4
006902	4
002837	2
000478	1
006170	4
006092	4
008706	5
005335	3
002250	2
007949	5
000285	1
005594	4
008920	5
006754	4
001750	2
008429	5
005572	4
001180	1
007364	4
004498	3
000837	1
003341	2
003969	3
007152	4
000493	1
008312	5
006796	4
005828	4
000836	1
004789	3
000647	1
001346	1
002894	2
004667	3
009327	5
002438	2
003731	3
008344	5
008296	5
001782	2
002186	2
004345	3
005121	3
002824	2
001726	2
004446	3
006204	4
009890	6
009329	5
009272	5
002033	2
008193	5
007483	5
002304	2
008578	5
003288	2
007354	4
009005	5
001452	2
008136	5
005251	3
008626	5
009253	5
000465	1
003790	3
008471	5
000202	1
006838	4
007038	4
003960	3
002876	2
002452	2
005015	3
009295	5
009723	6
001141	1
004308	3
006557	4
005680	4
008599	5
000532	1
008750	5
009816	6
009342	5
003245	2
004635	3
002671	2
005363	3
006018	4
005096	3
009455	6
006879	4
000274	1
006571	4
005628	4
000314	1
002718	2
005950	4
001241	1
002466	2
007757	5
009210	5
005341	3
005478	4
003279	2
001944	2
000681	1
000454	1
009529	6
006539	4
000721	1
003691	3
005665	4
003667	3
001434	2
009464	6
008851	5
008160	5
000205	1
001529	2
001906	2
006168	4
004820	3
001703	2
005067	3
006289	4
001144	1
004617	3
003259	2
009436	6
008351	5
004992	3
009204	5
002224	2
006185	4
005869	4
001158	1
001261	1
008903	5
000437	1
009420	6
000064	1
007582	5
004259	3
007095	4
006104	4
006456	4
003594	3
005192	3
000186	1
003300	2
001527	2
001011	1
007965	5
007541	5
001693	2
007425	5
003942	3
009404	6
007240	4
002155	2
008048	5
001669	2
002338	2
004362	3
006182	4
001443	2
009908	6
000990	1
006534	4
007998	5
008697	5
004357	3
001977	2
006228	4
004043	3
003915	3
008753	5
007280	4
004648	3
008273	5
003999	3
009165	5
006211	4
004297	3
009608	6
008785	5
004194	3
002946	2
005318	3
000530	1
006934	4
002531	2
004838	3
003106	2
005739	4
008702	5
005162	3
003860	3
006121	4
007882	5
000423	1
002860	2
001651	2
003633	3
006056	4
008198	5
005376	4
008398	5
002903	2
006251	4
006497	4
006815	4
000070	1
007065	4
004536	3
009525	6
001136	1
005664	4
009230	5
001592	2
002590	2
006835	4
009268	5
006312	4
008053	5
003271	2
005877	4
005202	3
008020	5
004490	3
003798	3
001348	1
009379	6
005782	4
009790	6
000726	1
006265	4
009551	6
009312	5
005876	4
004200	3
000087	1
007556	5
009030	5
001168	1
006071	4
003964	3
009079	5
007821	5
001825	2
007701	5
009351	5
003174	2
006542	4
007355	4
000531	1
008080	5
000153	1
002316	2
004263	3
006124	4
005041	3
003254	2
008877	5
008071	5
008641	5
007283	4
003998	3
007629	5
009074	5
007422	5
008852	5
004914	3
001512	2
002547	2
003579	3
005056	3
008913	5
006673	4
005671	4
008169	5
001763	2
009308	5
008424	5
007216	4
005398	4
009886	6
004354	3
006331	4
003249	2
008871	5
004022	3
004693	3
005448	4
005511	4
005938	4
007637	5
005659	4
009239	5
004884	3
003348	2
000802	1
009322	5
005134	3
003418	3
008813	5
002229	2
005467	4
000981	1
000408	1
005885	4
000604	1
007980	5
005721	4
003167	2
003486	3
006560	4
005029	3
006433	4
004930	3
007555	5
002703	2
001447	2
002201	2
009604	6
004240	3
002105	2
000688	1
007952	5
002498	2
004140	3
003680	3
003141	2
009807	6
008197	5
003742	3
008935	5
003656	3
000712	1
004833	3
008401	5
002563	2
004945	3
003977	3
007616	5
004595	3
004103	3
008837	5
009493	6
008825	5
005252	3
001488	2
009031	5
006876	4
000980	1
007241	4
001092	1
006464	4
002024	2
007227	4
003936	3
005475	4
000863	1
003532	3
002802	2
000236	1
006707	4
006417	4
006973	4
007914	5
005943	4
003312	2
006156	4
003481	3
006322	4
000417	1
006951	4
007756	5
004302	3
004540	3
006606	4
000047	1
000983	1
007069	4
008493	5
003972	3
008679	5
002277	2
007096	4
002680	2
006438	4
007224	4
001744	2
004287	3
009524	6
005702	4
001914	2
000451	1
004663	3
005542	4
009289	5
005821	4
006020	4
000660	1
007105	4
008583	5
002537	2
009651	6
008568	5
009113	5
004505	3
004791	3
007119	4
003992	3
001337	1
006026	4
003326	2
003957	3
000061	1
005043	3
003589	3
008894	5
002421	2
008545	5
004960	3
003269	2
001069	1
007218	4
001461	2
003114	2
009881	6
001672	2
006967	4
004849	3
004763	3
002503	2
001705	2
007384	5
003996	3
005489	4
007722	5
003434	3
004309	3
009880	6
004353	3
006998	4
000833	1
003983	3
001533	2
000201	1
002692	2
004785	3
001593	2
003597	3
007477	5
001003	1
004806	3
004656	3
003967	3
005555	4
008115	5
001160	1
008358	5
001066	1
008397	5
008609	5
002870	2
001899	2
008081	5
003714	3
009767	6
008083	5
000199	1
004459	3
001971	2
000037	1
001656	2
004706	3
003512	3
006039	4
007346	4
006785	4
002784	2
007225	4
005461	4
008352	5
007485	5
005168	3
005325	3
006579	4
005404	4
003935	3
008709	5
000516	1
005955	4
000374	1
005715	4
003370	3
006307	4
008559	5
008808	5
006288	4
003747	3
001415	2
007800	5
006783	4
003755	3
000924	1
008953	5
004655	3
008112	5
006821	4
006352	4
008806	5
001561	2
007137	4
007770	5
008948	5
003213	2
001666	2
003559	3
008842	5
006370	4
001683	2
004815	3
007652	5
006508	4
003930	3
008594	5
000063	1
003848	3
005842	4
004275	3
007457	5
004210	3
000656	1
007200	4
004675	3
003250	2
005392	4
007458	5
003034	2
009719	6
000207	1
006653	4
003663	3
001556	2
002526	2
003463	3
009745	6
004688	3
008423	5
000043	1
007753	5
007748	5
009602	6
001534	2
000549	1
005620	4
006739	4
007723	5
001957	2
007307	4
004585	3
002796	2
004352	3
006463	4
005466	4
004341	3
006888	4
008114	5
009108	5
005402	4
004976	3
007030	4
007435	5
009511	6
002726	2
002752	2
000242	1
006102	4
006404	4
008924	5
006299	4
005692	4
004818	3
002670	2
003662	3
005932	4
000897	1
005413	4
002542	2
007714	5
007665	5
008652	5
008786	5
005160	3
005669	4
004809	3
000885	1
008016	5
000447	1
004031	3
000623	1
008895	5
003745	3
009669	6
002046	2
002674	2
001398	2
003098	2
003108	2
008714	5
002089	2
008690	5
000766	1
005548	4
004892	3
009009	5
006149	4
004738	3
001785	2
005024	3
003547	3
003017	2
001809	2
005534	4
007647	5
009338	5
001973	2
000675	1
009365	5
002320	2
007948	5
006698	4
007633	5
003407	3
000175	1
000862	1
003612	3
000384	1
009659	6
002387	2
003927	3
007077	4
000371	1
007958	5
008122	5
005996	4
000634	1
006010	4
004440	3
004185	3
005328	3
004805	3
007160	4
002596	2
007336	4
002021	2
003374	3
003229	2
001910	2
008743	5
005978	4
008943	5
002341	2
007085	4
000601	1
004419	3
000665	1
003119	2
002001	2
004756	3
004402	3
001678	2
006749	4
004630	3
006198	4
007097	4
005748	4
001310	1
008050	5
001231	1
001960	2
001191	1
005021	3
004651	3
005356	3
000771	1
001156	1
002646	2
006649	4
001796	2
001301	1
004781	3
002809	2
002213	2
003252	2
003819	3
005131	3
002610	2
004748	3
003576	3
009226	5
004512	3
009275	5
003400	3
009173	5
006746	4
009490	6
009791	6
004905	3
000621	1
009901	6
002553	2
004798	3
005295	3
008898	5
007035	4
008847	5
005882	4
003122	2
006775	4
004244	3
001625	2
002783	2
004830	3
000233	1
000220	1
000240	1
007297	4
005262	3
009900	6
008640	5
007252	4
008353	5
008890	5
007552	5
006306	4
000401	1
005598	4
005683	4
000463	1
003601	3
001579	2
004171	3
000784	1
003893	3
001491	2
008383	5
004025	3
002573	2
005906	4
004254	3
004203	3
008841	5
000168	1
006415	4
003899	3
000351	1
006994	4
004895	3
009633	6
005009	3
006313	4
006160	4
009255	5
008752	5
006792	4
001716	2
005254	3
008535	5
002416	2
004370	3
000258	1
002083	2
004793	3
004689	3
003325	2
007759	5
001451	2
004214	3
000177	1
008810	5
004380	3
001885	2
007106	4
006354	4
004339	3
007858	5
008564	5
009306	5
009159	5
006824	4
000510	1
004759	3
001059	1
001706	2
000547	1
006462	4
008274	5
004013	3
009448	6
007591	5
006922	4
006142	4
006851	4
000723	1
001876	2
006365	4
001737	2
006538	4
006440	4
007542	5
005737	4
007594	5
001976	2
000593	1
006530	4
002631	2
000227	1
005380	4
009305	5
007904	5
000550	1
002791	2
006444	4
004819	3
008070	5
004971	3
004058	3
006470	4
004810	3
007288	4
007580	5
000864	1
008207	5
001862	2
000103	1
005044	3
009433	6
004991	3
004597	3
002063	2
004041	3
005734	4
001594	2
000320	1
006032	4
001204	1
009201	5
007193	4
005667	4
009419	6
001425	2
002322	2
009032	5
004108	3
000133	1
003758	3
002709	2
001317	1
007994	5
005637	4
005931	4
005733	4
008946	5
006069	4
000708	1
007584	5
007862	5
008605	5
001256	1
009033	5
001923	2
008289	5
005479	4
007961	5
003649	3
003010	2
004569	3
004201	3
009347	5
008642	5
008587	5
003151	2
001008	1
003239	2
001887	2
001574	2
008955	5
002672	2
002262	2
006526	4
001710	2
002983	2
005462	4
002710	2
000824	1
008643	5
003060	2
006631	4
002732	2
008238	5
009538	6
003809	3
005579	4
000132	1
001777	2
003006	2
004937	3
002699	2
001598	2
008829	5
003788	3
008795	5
006383	4
009756	6
000295	1
009035	5
009056	5
003644	3
009081	5
009319	5
005203	3
009267	5
003695	3
005089	3
005386	4
001900	2
003802	3
000294	1
003529	3
001202	1
008036	5
002986	2
005765	4
005459	4
000069	1
000033	1
000797	1
008227	5
000813	1
001855	2
002042	2
002749	2
001694	2
008433	5
006422	4
001108	1
003730	3
001028	1
008241	5
006897	4
001614	2
004034	3
009749	6
008966	5
003540	3
004406	3
002380	2
005198	3
006395	4
003822	3
007127	4
000871	1
006300	4
003982	3
008733	5
004874	3
000001	1
007219	4
001251	1
002691	2
005277	3
008612	5
005423	4
002611	2
000633	1
004744	3
007333	4
004776	3
001868	2
002049	2
008391	5
000100	1
002606	2
009321	5
008202	5
001787	2
004252	3
005967	4
001122	1
000823	1
005575	4
008907	5
005635	4
005896	4
009094	5
004685	3
000691	1
002515	2
000148	1
007993	5
002741	2
000040	1
000587	1
009573	6
004413	3
009867	6
001917	2
000529	1
009875	6
005960	4
002367	2
001762	2
001475	2
005457	4
002662	2
008866	5
001293	1
005038	3
002764	2
008760	5
005350	3
008303	5
004794	3
003773	3
005401	4
007171	4
004717	3
008437	5
008157	5
003110	2
006453	4
002886	2
002310	2
009766	6
009177	5
009733	6
000908	1
005086	3
005911	4
004642	3
000226	1
002348	2
005805	4
003425	3
009330	5
005501	4
001440	2
005732	4
007357	4
004502	3
002943	2
009693	6
009824	6
001609	2
003001	2
003489	3
004503	3
000877	1
002930	2
007275	4
000857	1
009224	5
005453	4
009085	5
007846	5
005793	4
001896	2
007329	4
005694	4
007503	5
006154	4
005261	3
000488	1
009341	5
007074	4
004526	3
002989	2
007087	4
008719	5
004703	3
005546	4
008618	5
004573	3
000896	1
004441	3
000934	1
002735	2
000062	1
001657	2
005287	3
004972	3
002668	2
005446	4
009311	5
003358	2
004476	3
000255	1
007706	5
003360	2
000512	1
007919	5
002313	2
009740	6
007427	5
005746	4
005268	3
009690	6
002767	2
005988	4
008987	5
002290	2
003154	2
009413	6
008496	5
001632	2
005130	3
007634	5
005965	4
002425	2
007997	5
007246	4
009358	5
003808	3
008540	5
006057	4
005602	4
002921	2
007899	5
002936	2
002280	2
004933	3
003842	3
008039	5
003506	3
008789	5
003976	3
006759	4
008155	5
008602	5
008375	5
004212	3
009704	6
001045	1
004962	3
009555	6
001903	2
001797	2
002124	2
008508	5
000605	1
001455	2
002376	2
007226	4
007692	5
004524	3
000023	1
003472	3
008835	5
001767	2
007343	4
006847	4
002170	2
005808	4
008596	5
000017	1
004303	3
007423	5
003886	3
003184	2
008740	5
005319	3
004261	3
001851	2
002455	2
006661	4
007141	4
005282	3
002750	2
007700	5
008139	5
003865	3
009721	6
006408	4
001169	1
007318	4
008466	5
008621	5
000361	1
000795	1
006676	4
001815	2
008182	5
004257	3
000270	1
003157	2
007737	5
005959	4
009650	6
007185	4
001972	2
002962	2
009019	5
004268	3
008440	5
002251	2
008647	5
006019	4
004542	3
002451	2
006675	4
003818	3
004774	3
009064	5
000347	1
008465	5
001689	2
006075	4
002497	2
004520	3
001667	2
000798	1
001617	2
001828	2
000049	1
001654	2
003421	3
006978	4
002395	2
005312	3
007068	4
001823	2
000893	1
005375	4
008715	5
006543	4
001969	2
008712	5
009450	6
005731	4
004372	3
003276	2
004187	3
001209	1
008667	5
009715	6
003582	3
004760	3
000445	1
001507	2
004530	3
002819	2
002453	2
003796	3
006881	4
005676	4
007929	5
007683	5
002368	2
002214	2
003530	3
006484	4
001145	1
008216	5
001789	2
008390	5
004033	3
004017	3
007702	5
000910	1
003891	3
008984	5
003598	3
008573	5
003399	3
006052	4
008645	5
006473	4
006945	4
003771	3
005509	4
000987	1
003363	2
001276	1
000404	1
009914	6
009676	6
005100	3
008428	5
008244	5
009444	6
005158	3
008705	5
002157	2
004722	3
002228	2
009789	6
008290	5
004189	3
001490	2
007623	5
009678	6
006908	4
007130	4
008346	5
004029	3
006474	4
003826	3
009335	5
001100	1
009531	6
009620	6
004066	3
009727	6
006595	4
006112	4
003595	3
001663	2
007874	5
003862	3
009763	6
008765	5
007779	5
000388	1
000961	1
009167	5
005991	4
004846	3
007820	5
008264	5
009355	5
007776	5
008549	5
008459	5
004486	3
007328	4
004711	3
006360	4
009785	6
009251	5
004889	3
002375	2
003389	3
003581	3
007239	4
006991	4
003836	3
000025	1
009459	6
000705	1
002865	2
009661	6
002493	2
008270	5
007247	4
007481	5
007726	5
004038	3
006108	4
009208	5
005581	4
002682	2
007412	5
004421	3
004449	3
003725	3
002552	2
008298	5
008655	5
008519	5
002504	2
008017	5
009096	5
000561	1
000935	1
006086	4
005742	4
004943	3
006237	4
009503	6
008524	5
008253	5
008936	5
008876	5
006909	4
000145	1
006492	4
009827	6
006079	4
005046	3
008872	5
009754	6
004919	3
004068	3
002615	2
000556	1
002578	2
001081	1
007109	4
005526	4
002193	2
002620	2
003990	3
007325	4
003503	3
001674	2
002012	2
001479	2
003051	2
005570	4
002524	2
005315	3
005524	4
004835	3
007823	5
003440	3
000502	1
007368	4
006144	4
006376	4
005642	4
008345	5
006379	4
003072	2
002064	2
003244	2
005481	4
008507	5
000137	1
006624	4
008537	5
006006	4
009565	6
003854	3
009010	5
009362	5
003170	2
009858	6
005661	4
004784	3
007320	4
006342	4
001550	2
009705	6
007093	4
004799	3
001888	2
005215	3
000849	1
005220	3
007268	4
002683	2
004730	3
008144	5
005691	4
005126	3
000717	1
003825	3
008644	5
001229	1
000225	1
000307	1
007514	5
003479	3
006355	4
005407	4
002812	2
009706	6
008319	5
003926	3
003700	3
001696	2
004592	3
009823	6
000572	1
001872	2
004545	3
002884	2
000142	1
000008	1
006581	4
006016	4
006210	4
004647	3
003793	3
007662	5
009082	5
006401	4
001362	1
005905	4
009001	5
005188	3
008509	5
006362	4
001266	1
009385	6
004195	3
005823	4
002945	2
003473	3
009150	5
002776	2
004051	3
000196	1
005107	3
004807	3
003561	3
007622	5
006639	4
008807	5
009862	6
006812	4
005923	4
003068	2
004492	3
003994	3
006180	4
008009	5
002442	2
008385	5
002686	2
007451	5
006194	4
005004	3
003906	3
001882	2
006950	4
005736	4
003549	3
004906	3
001054	1
002226	2
007853	5
005672	4
008012	5
008497	5
007732	5
002121	2
000411	1
006593	4
003833	3
007843	5
008295	5
007721	5
005260	3
007636	5
001445	2
008515	5
006375	4
004894	3
002799	2
004796	3
009423	6
008801	5
003013	2
002462	2
005838	4
006162	4
000303	1
003552	3
007340	4
007690	5
000346	1
008127	5
006157	4
001148	1
004578	3
005706	4
001041	1
005900	4
000409	1
000014	1
007132	4
000551	1
002786	2
007391	5
004879	3
002295	2
000748	1
004082	3
005799	4
002409	2
007255	4
007944	5
003676	3
001472	2
004054	3
007579	5
008561	5
009131	5
003614	3
004629	3
000468	1
009636	6
005095	3
006218	4
009403	6
005415	4
007979	5
009897	6
008103	5
002508	2
005408	4
002169	2
006227	4
002331	2
000392	1
007353	4
001688	2
002271	2
006148	4
003451	3
000697	1
004045	3
001133	1
004593	3
005150	3
006001	4
004493	3
000127	1
009848	6
002037	2
008059	5
006193	4
003727	3
006964	4
003045	2
005344	3
000031	1
006871	4
009671	6
007221	4
008067	5
002180	2
007008	4
004973	3
007578	5
008865	5
008686	5
007635	5
000589	1
005008	3
001190	1
003264	2
009796	6
004119	3
000579	1
001838	2
006337	4
000653	1
004677	3
007799	5
006773	4
004219	3
009896	6
004094	3
001004	1
008774	5
000444	1
004193	3
000418	1
008189	5
007696	5
002489	2
002987	2
006295	4
003149	2
002382	2
004128	3
009257	5
001463	2
002574	2
000375	1
000382	1
007295	4
003643	3
008309	5
004622	3
001127	1
009363	5
000733	1
008799	5
002074	2
009452	6
003470	3
003303	2
002154	2
007044	4
002192	2
008617	5
004779	3
009118	5
000649	1
005317	3
004350	3
002196	2
009674	6
001031	1
007569	5
001222	1
006430	4
002518	2
001734	2
005190	3
008897	5
003925	3
008947	5
007610	5
004310	3
003351	2
001020	1
005358	3
004334	3
001909	2
008780	5
008911	5
007913	5
008886	5
001902	2
001384	2
000822	1
008417	5
003024	2
004863	3
000350	1
008956	5
007773	5
002006	2
000117	1
009367	5
004885	3
006708	4
009174	5
002398	2
004682	3
003887	3
008517	5
004004	3
003022	2
004621	3
007461	5
003396	3
004314	3
003574	3
008816	5
003345	2
002500	2
002050	2
009472	6
003647	3
007118	4
002831	2
008669	5
001471	2
002284	2
002838	2
009804	6
002849	2
005614	4
005272	3
002727	2
001373	2
004625	3
006656	4
006757	4
009605	6
007338	4
008300	5
009225	5
000182	1
005566	4
003058	2
006968	4
006413	4
007769	5
009622	6
000164	1
003858	3
005679	4
007055	4
003856	3
001252	1
005114	3
002195	2
001568	2
001245	1
003208	2
003624	3
008875	5
005491	4
000481	1
006332	4
009191	5
003638	3
007301	4
008343	5
003441	3
000068	1
004052	3
005775	4
006683	4
005609	4
008729	5
000677	1
000154	1
000658	1
009058	5
000825	1
002034	2
008370	5
002978	2
000260	1
002509	2
008553	5
000773	1
004109	3
001922	2
006768	4
001692	2
002654	2
007561	5
002562	2
002075	2
003014	2
000645	1
008952	5
000379	1
006303	4
008461	5
002194	2
005336	3
006919	4
000986	1
008971	5
000597	1
007513	5
003681	3
000460	1
006153	4
001057	1
001937	2
000109	1
008525	5
003987	3
005945	4
009189	5
006714	4
000102	1
007349	4
006854	4
003528	3
000430	1
007643	5
000453	1
004255	3
009656	6
008032	5
009409	6
007527	5
003816	3
000271	1
006706	4
003687	3
002356	2
008084	5
000577	1
007089	4
005886	4
000071	1
003704	3
002474	2
005803	4
007867	5
006127	4
006424	4
000420	1
005219	3
000794	1
005999	4
001975	2
000075	1
009724	6
001334	1
005693	4
000304	1
005292	3
005854	4
009428	6
008387	5
008699	5
008404	5
002841	2
007478	5
003845	3
008406	5
008024	5
005824	4
003652	3
002136	2
007016	4
008793	5
006120	4
009216	5
003065	2
000571	1
009437	6
005482	4
003322	2
006842	4
004272	3
002855	2
003230	2
003944	3
002570	2
007744	5
000160	1
000886	1
005050	3
008056	5
001280	1
007082	4
009701	6
002236	2
000158	1
009508	6
006506	4
007597	5
008141	5
009417	6
003274	2
000517	1
008939	5
000584	1
001814	2
004638	3
001864	2
002140	2
009143	5
003592	3
008179	5
002023	2
008460	5
001354	1
000121	1
000428	1
001315	1
001309	1
001320	1
008972	5
009540	6
008570	5
000224	1
001861	2
003749	3
002630	2
003937	3
002032	2
001821	2
003703	3
004591	3
008954	5
007345	4
003243	2
008369	5
001022	1
007270	4
001277	1
008986	5
001623	2
006268	4
006118	4
003406	3
006893	4
009649	6
006963	4
000237	1
005806	4
009192	5
003748	3
001638	2
003880	3
001583	2
002476	2
006959	4
001564	2
007019	4
000816	1
009380	6
008102	5
002684	2
002162	2
001510	2
000162	1
004812	3
003844	3
008034	5
008632	5
008121	5
006630	4
002269	2
005174	3
008536	5
004138	3
006285	4
003539	3
008413	5
006657	4
004444	3
005230	3
006892	4
003912	3
007198	4
006770	4
006402	4
000974	1
000122	1
006477	4
009101	5
004249	3
002557	2
000657	1
003870	3
005109	3
005994	4
002464	2
000671	1
004506	3
008297	5
002198	2
006703	4
004071	3
002092	2
002267	2
005647	4
001722	2
009140	5
003354	2
002203	2
002579	2
009121	5
001503	2
001070	1
008707	5
006955	4
006432	4
009898	6
007933	5
005514	4
000476	1
007179	4
002067	2
008486	5
001125	1
002753	2
001558	2
003989	3
006308	4
005825	4
002769	2
004434	3
008153	5
000938	1
009156	5
003484	3
002952	2
009774	6
000975	1
003219	2
004602	3
002104	2
007673	5
008964	5
001179	1
008777	5
002843	2
003744	3
004521	3
001963	2
006380	4
001717	2
003214	2
004028	3
007135	4
006249	4
006589	4
006271	4
003485	3
006373	4
000210	1
005182	3
001850	2
000441	1
002805	2
006578	4
008176	5
008394	5
009819	6
004191	3
004329	3
002422	2
001117	1
009615	6
005422	4
001288	1
000578	1
009122	5
001281	1
009416	6
008967	5
002309	2
001945	2
008058	5
007699	5
004567	3
009172	5
001682	2
003432	3
008756	5
004887	3
001115	1
005862	4
005670	4
003959	3
008771	5
000779	1
009286	5
001062	1
003152	2
002941	2
000662	1
002935	2
007395	5
007397	5
006811	4
004517	3
002230	2
008105	5
002676	2
009018	5
004130	3
002076	2
001908	2
008650	5
006264	4
002460	2
006161	4
007342	4
007663	5
009200	5
007520	5
004942	3
003198	2
006574	4
008896	5
008031	5
003636	3
004243	3
007972	5
004848	3
000508	1
002389	2
004994	3
001764	2
006810	4
006969	4
008239	5
004481	3
003031	2
009283	5
008755	5
001759	2
005299	3
005136	3
005143	3
005747	4
004644	3
006800	4
008000	5
002061	2
004563	3
005852	4
002636	2
009809	6
005127	3
004327	3
003286	2
000926	1
006684	4
004697	3
000185	1
002325	2
004056	3
005125	3
008371	5
005368	3
007489	5
004982	3
004724	3
004356	3
005899	4
006944	4
001130	1
000707	1
009576	6
008378	5
005180	3
001830	2
008304	5
004317	3
009148	5
004652	3
000450	1
000925	1
007499	5
003186	2
003082	2
007017	4
008025	5
004179	3
007596	5
000390	1
004369	3
009207	5
008749	5
004496	3
001468	2
009217	5
003677	3
007248	4
000208	1
008571	5
005723	4
004891	3
001760	2
003750	3
001076	1
000310	1
005927	4
000151	1
000169	1
008431	5
002328	2
006241	4
005255	3
000050	1
008236	5
004792	3
002221	2
006309	4
003365	2
002850	2
009802	6
000639	1
003659	3
007153	4
006004	4
006596	4
003611	3
006701	4
006483	4
004862	3
009882	6
003073	2
009698	6
006297	4
009179	5
001601	2
005934	4
001986	2
008277	5
003672	3
000353	1
000406	1
005034	3
005865	4
006777	4
009592	6
006419	4
000629	1
007641	5
004989	3
001147	1
001456	2
002785	2
004469	3
005560	4
000405	1
009836	6
008405	5
009894	6
007455	5
001559	2
004480	3
000002	1
004053	3
004880	3
006238	4
002354	2
006132	4
008284	5
008957	5
005409	4
007341	4
008817	5
009838	6
001924	2
003641	3
004661	3
003175	2
003877	3
000264	1
006336	4
008055	5
000887	1
000198	1
002915	2
006524	4
003879	3
003491	3
001544	2
000982	1
006220	4
009751	6
000470	1
007245	4
003225	2
009815	6
000021	1
002306	2
004547	3
000330	1
000072	1
006640	4
008108	5
003914	3
003573	3
000189	1
006174	4
002321	2
003223	2
008456	5
003273	2
005660	4
008661	5
009410	6
003262	2
000722	1
002967	2
005245	3
009786	6
006764	4
000081	1
004107	3
000197	1
000746	1
004916	3
008331	5
003835	3
005558	4
000666	1
008717	5
003740	3
000678	1
002479	2
002454	2
001964	2
007818	5
001401	2
000203	1
007960	5
001007	1
006924	4
002040	2
003352	2
001702	2
005724	4
000334	1
004607	3
002264	2
000385	1
005867	4
001110	1
009145	5
009195	5
000698	1
000581	1
003190	2
001085	1
000090	1
001161	1
006351	4
001063	1
001481	2
004747	3
000763	1
007101	4
005926	4
009184	5
006961	4
009279	5
000414	1
006758	4
007431	5
009710	6
008923	5
009008	5
006628	4
003784	3
009045	5
008516	5
006642	4
006002	4
002566	2
004178	3
004589	3
003062	2
003545	3
004096	3
002420	2
004949	3
001215	1
005844	4
005285	3
004584	3
006528	4
006357	4
009486	6
003843	3
002976	2
000257	1
004002	3
004313	3
007806	5
004868	3
003820	3
009238	5
007982	5
008259	5
003469	3
008030	5
002486	2
005956	4
009505	6
009758	6
009087	5
008037	5
002418	2
004282	3
006546	4
007554	5
001779	2
003721	3
009603	6
001497	2
009906	6
006970	4
009256	5
005969	4
008149	5
007792	5
005403	4
006510	4
003183	2
003185	2
000856	1
002965	2
001565	2
000479	1
005863	4
000329	1
006858	4
008324	5
001265	1
003939	3
005026	3
003492	3
001283	1
004603	3
008224	5
007626	5
004632	3
003173	2
005186	3
002494	2
003814	3
004424	3
007237	4
001119	1
008362	5
003766	3
000780	1
005830	4
008874	5
001761	2
005154	3
000045	1
001615	2
008945	5
005289	3
008339	5
005919	4
002433	2
009445	6
005071	3
008247	5
006597	4
000555	1
003305	2
001684	2
001121	1
007450	5
005434	4
003806	3
008467	5
002481	2
007486	5
009318	5
007057	4
003435	3
003125	2
001863	2
004719	3
006448	4
005833	4
006445	4
008118	5
005893	4
003357	2
002275	2
003888	3
003180	2
008142	5
002115	2
002822	2
007041	4
000648	1
004404	3
000138	1
008359	5
007147	4
001606	2
006502	4
000419	1
004095	3
005279	3
007819	5
009021	5
008763	5
001322	1
001394	2
005464	4
008988	5
005761	4
002836	2
003797	3
001269	1
006467	4
000765	1
003266	2
006549	4
005846	4
008499	5
006085	4
006921	4
007462	5
000928	1
003200	2
008214	5
003821	3
003692	3
000855	1
000663	1
002653	2
007067	4
005520	4
000291	1
005592	4
004941	3
002403	2
007716	5
006651	4
001994	2
003166	2
001879	2
008551	5
008026	5
001411	2
008473	5
003985	3
008094	5
008565	5
001525	2
004342	3
004983	3
006519	4
009476	6
009213	5
008452	5
007158	4
000032	1
008831	5
006993	4
007567	5
006078	4
002138	2
007803	5
009161	5
008005	5
006471	4
001978	2
008412	5
009478	6
002465	2
008723	5
002619	2
000249	1
003202	2
005603	4
009188	5
004912	3
001417	2
005020	3
003767	3
009254	5
002349	2
006504	4
005092	3
001562	2
004155	3
003857	3
000957	1
000276	1
001044	1
004467	3
009301	5
000042	1
003419	3
004552	3
000976	1
002693	2
008015	5
000978	1
004199	3
009205	5
005725	4
006305	4
005111	3
003603	3
002456	2
003339	2
003021	2
004840	3
007937	5
008393	5
004089	3
002958	2
005199	3
009234	5
000082	1
006823	4
001895	2
006457	4
003387	3
001023	1
003933	3
003380	3
003810	3
009298	5
006713	4
005971	4
005138	3
008233	5
006686	4
006091	4
005139	3
000506	1
009887	6
006735	4
005211	3
008235	5
007356	4
000248	1
005857	4
002412	2
003869	3
001328	1
005768	4
004448	3
006819	4
007784	5
006398	4
008409	5
007932	5
008008	5
009778	6
002223	2
003805	3
000376	1
007170	4
001867	2
004746	3
004386	3
008063	5
002679	2
002583	2
001925	2
001444	2
004076	3
007374	5
006802	4
007290	4
003943	3
006748	4
006283	4
002137	2
002520	2
002408	2
002337	2
002922	2
004957	3
005678	4
008028	5
003523	3
001636	2
005985	4
000624	1
009718	6
004176	3
002394	2
005157	3
000842	1
005209	3
000134	1
004857	3
003801	3
004390	3
006387	4
004640	3
000311	1
000288	1
004063	3
002909	2
000333	1
004385	3
004012	3
006109	4
001237	1
002771	2
004749	3
003670	3
009158	5
002166	2
006636	4
003323	2
008246	5
003645	3
005167	3
001881	2
005193	3
001808	2
003913	3
009157	5
002302	2
000868	1
001311	1
005643	4
004615	3
003129	2
001352	1
009677	6
000221	1
007430	5
009408	6
004527	3
007812	5
002895	2
004695	3
006521	4
009527	6
009506	6
003629	3
006784	4
006903	4
009808	6
006428	4
009502	6
006068	4
005343	3
009222	5
002565	2
001379	2
008703	5
007504	5
004311	3
007709	5
000686	1
007436	5
001516	2
003707	3
006880	4
005997	4
005556	4
002080	2
004853	3
004049	3
002444	2
007453	5
001941	2
006583	4
007703	5
000758	1
004522	3
000483	1
001806	2
002770	2
007084	4
005992	4
008135	5
007666	5
007479	5
001064	1
007194	4
005925	4
003196	2
006720	4
001857	2
005280	3
006273	4
003521	3
001983	2
007935	5
003804	3
000743	1
006782	4
002538	2
000317	1
003850	3
008218	5
003201	2
007197	4
003306	2
006925	4
001077	1
005395	4
008770	5
002087	2
002308	2
009399	6
001176	1
006319	4
004596	3
004363	3
006418	4
009219	5
000635	1
006405	4
007728	5
005152	3
001756	2
004377	3
006347	4
001135	1
005788	4
006883	4
005684	4
005011	3
004757	3
004097	3
006694	4
007007	4
006575	4
009309	5
005187	3
008165	5
009337	5
009432	6
004396	3
009833	6
005948	4
008340	5
008072	5
000022	1
006933	4
007986	5
005178	3
000144	1
007602	5
004726	3
008849	5
007593	5
004450	3
002656	2
001290	1
000903	1
001386	2
005165	3
004775	3
006682	4
000513	1
003940	3
004958	3
007476	5
005658	4
004543	3
002326	2
001852	2
002673	2
001439	2
006914	4
007717	5
006663	4
005879	4
005772	4
008109	5
005794	4
004837	3
002286	2
003391	3
004903	3
005784	4
005117	3
006035	4
001287	1
003232	2
004231	3
009577	6
001695	2
000724	1
000267	1
001002	1
003424	3
007767	5
008796	5
006805	4
002773	2
005064	3
000762	1
009709	6
006772	4
006072	4
002778	2
009004	5
001319	1
009487	6
003321	2
009552	6
008113	5
006129	4
003009	2
004959	3
009093	5
003457	3
005239	3
000126	1
002993	2
003919	3
000632	1
003510	3
005313	3
009735	6
000788	1
005681	4
004662	3
007564	5
004865	3
005697	4
006361	4
006562	4
001181	1
007646	5
003025	2
000332	1
003337	2
007931	5
006669	4
007058	4
004117	3
003570	3
009175	5
003040	2
009454	6
005662	4
008219	5
008682	5
003466	3
007954	5
003619	3
003732	3
006730	4
009344	5
006762	4
002775	2
004337	3
009744	6
005327	3
009558	6
003777	3
009407	6
005495	4
005668	4
008798	5
007350	4
005048	3
009369	5
001940	2
001262	1
002220	2
000273	1
004023	3
002142	2
008178	5
003605	3
002371	2
000684	1
008864	5
000687	1
001014	1
006025	4
003086	2
007011	4
001339	1
008420	5
003851	3
001304	1
006999	4
006426	4
005760	4
007528	5
007264	4
009842	6
003464	3
004220	3
009198	5
005527	4
005974	4
001715	2
002014	2
006729	4
007143	4
003881	3
000308	1
009888	6
004546	3
007750	5
008736	5
004328	3
007945	5
009320	5
009533	6
006106	4
007518	5
003102	2
004841	3
008377	5
000880	1
002535	2
004859	3
003962	3
007898	5
007631	5
008503	5
002058	2
005001	3
006930	4
007174	4
008435	5
007157	4
008616	5
001604	2
004915	3
003057	2
005780	4
009522	6
009249	5
000011	1
009414	6
005942	4
005853	4
003282	2
001324	1
003248	2
002273	2
001570	2
003410	3
000955	1
001185	1
005726	4
007351	4
001286	1
002550	2
009098	5
003651	3
008336	5
005750	4
009537	6
009913	6
004618	3
007782	5
009147	5
000105	1
002635	2
004014	3
000421	1
009818	6
000256	1
005072	3
004315	3
002649	2
003765	3
003932	3
000545	1
005339	3
006151	4
007443	5
005104	3
000475	1
002212	2
002123	2
005544	4
009095	5
008790	5
000541	1
007299	4
007473	5
003008	2
009645	6
001555	2
008123	5
006443	4
000194	1
000626	1
002287	2
003993	3
004764	3
007146	4
007168	4
000977	1
004267	3
009100	5
005802	4
001967	2
004488	3
006569	4
009627	6
006894	4
008569	5
009660	6
001655	2
005989	4
004211	3
008410	5
000599	1
006668	4
005796	4
007676	5
006236	4
000702	1
003897	3
004553	3
005573	4
000907	1
004122	3
004873	3
004654	3
008997	5
001773	2
009812	6
007465	5
008248	5
009273	5
008904	5
002307	2
002000	2
007066	4
008880	5
001502	2
006298	4
007640	5
009810	6
008533	5
000448	1
005968	4
009626	6
000921	1
001602	2
007547	5
006512	4
003412	3
004218	3
002737	2
000268	1
000917	1
008082	5
000480	1
002904	2
007036	4
003778	3
004305	3
004998	3
001798	2
004844	3
000778	1
003077	2
002372	2
007076	4
005834	4
001637	2
003443	3
005850	4
009429	6
007296	4
009260	5
002607	2
002167	2
007103	4
001794	2
003800	3
009734	6
000065	1
001036	1
007024	4
005077	3
006689	4
008425	5
000736	1
007031	4
000253	1
008505	5
003379	3
006429	4
007746	5
004888	3
002633	2
005445	4
002009	2
007990	5
000611	1
009673	6
000757	1
009647	6
002736	2
007940	5
004248	3
007002	4
008308	5
008653	5
006435	4
006774	4
007983	5
008361	5
001361	1
009777	6
003164	2
007934	5
000524	1
009185	5
004431	3
009127	5
001768	2
003126	2
003438	3
000362	1
008938	5
008597	5
000324	1
000829	1
000537	1
004375	3
006585	4
009196	5
009757	6
004947	3
001372	2
008203	5
009728	6
009386	6
005359	3
005907	4
002491	2
009271	5
008120	5
002436	2
001822	2
000060	1
007059	4
001214	1
009288	5
002908	2
007352	4
008213	5
005094	3
007903	5
002279	2
003078	2
009461	6
005337	3
004623	3
004551	3
001989	2
005155	3
008338	5
003116	2
005689	4
005584	4
006267	4
004215	3
007651	5
002129	2
004080	3
000814	1
009103	5
005247	3
001406	2
008325	5
006536	4
006269	4
008514	5
006333	4
007816	5
005085	3
005851	4
009805	6
003335	2
007081	4
008283	5
009640	6
000796	1
006292	4
006743	4
002111	2
007413	5
007739	5
006844	4
000052	1
004443	3
006974	4
004478	3
002318	2
008511	5
009075	5
007946	5
004225	3
004078	3
006895	4
009076	5
002132	2
009685	6
008853	5
003137	2
006334	4
000859	1
003100	2
008901	5
008430	5
006207	4
004426	3
006082	4
008548	5
000936	1
006214	4
001566	2
003471	3
002569	2
003568	3
007120	4
004393	3
006617	4
007304	4
006966	4
009571	6
002334	2
007838	5
005623	4
000446	1
007855	5
006564	4
006139	4
007609	5
009124	5
009048	5
009287	5
002071	2
009752	6
002265	2
002902	2
001321	1
008805	5
007433	5
004686	3
000394	1
008546	5
003334	2
001547	2
004636	3
007112	4
006996	4
003101	2
005634	4
008280	5
004463	3
000667	1
000499	1
000764	1
007648	5
009883	6
003160	2
004910	3
003965	3
004928	3
007463	5
009349	5
000469	1
003871	3
007809	5
002294	2
006793	4
007317	4
001804	2
008731	5
008062	5
007795	5
000628	1
000344	1
008664	5
004173	3
006654	4
007327	4
006407	4
006097	4
001869	2
003261	2
002829	2
009692	6
007672	5
001073	1
004783	3
000972	1
004376	3
005271	3
001898	2
003706	3
007978	5
006034	4
005258	3
008782	5
002728	2
004445	3
002182	2
008684	5
008591	5
003194	2
006011	4
003505	3
006316	4
002956	2
006081	4
005917	4
007976	5
004535	3
008656	5
009339	5
003885	3
002323	2
006958	4
003004	2
006172	4
006695	4
004346	3
006658	4
006507	4
000129	1
001068	1
007330	4
000066	1
005928	4
000979	1
008076	5
006099	4
000381	1
007650	5
008631	5
004773	3
005171	3
004367	3
000685	1
008168	5
002340	2
007576	5
006615	4
003490	3
008779	5
006587	4
004580	3
006487	4
004963	3
003431	3
008314	5
002608	2
005189	3
001889	2
006356	4
009168	5
005301	3
007000	4
006175	4
006910	4
001492	2
009697	6
007440	5
008821	5
007175	4
003734	3
006317	4
000155	1
009007	5
000650	1
007177	4
004725	3
005014	3
003423	3
004291	3
005364	3
008985	5
001934	2
005875	4
009653	6
007244	4
008995	5
002823	2
004497	3
003206	2
000557	1
000496	1
007535	5
004484	3
001572	2
001084	1
003076	2
007668	5
001369	1
003878	3
008761	5
005361	3
008624	5
006552	4
002878	2
001721	2
006807	4
002706	2
004576	3
009855	6
001071	1
002242	2
000737	1
002866	2
003446	3
008188	5
009370	6
003951	3
009104	5
004523	3
007995	5
006598	4
006911	4
006147	4
003997	3
006122	4
009860	6
006389	4
000482	1
005022	3
002743	2
001448	2
001719	2
003268	2
004864	3
001454	2
005795	4
000058	1
002108	2
004423	3
009672	6
000711	1
005951	4
002963	2
002641	2
003093	2
000279	1
009146	5
006742	4
007363	4
001936	2
009083	5
006544	4
005197	3
000954	1
004979	3
002339	2
003026	2
001446	2
009686	6
003105	2
008608	5
001920	2
003565	3
002045	2
003480	3
007497	5
000167	1
007294	4
007824	5
009227	5
000272	1
000937	1
003287	2
008735	5
001805	2
004232	3
009366	5
003794	3
000552	1
002053	2
009747	6
006916	4
005779	4
003785	3
002790	2
007348	4
005916	4
005238	3
000377	1
006321	4
009123	5
003146	2
004134	3
008462	5
009845	6
006501	4
003442	3
003921	3
006446	4
007742	5
002834	2
002402	2
006556	4
006887	4
002342	2
001493	2
002016	2
004366	3
003685	3
003070	2
009631	6
005980	4
006722	4
007332	4
003995	3
003986	3
001884	2
006339	4
002587	2
009027	5
005066	3
008859	5
000918	1
006481	4
007188	4
007365	4
002358	2
006262	4
003237	2
002512	2
003952	3
008826	5
003772	3
003991	3
008019	5
007733	5
006315	4
002147	2
001652	2
002388	2
003669	3
007407	5
006493	4
003609	3
000216	1
004902	3
007599	5
000889	1
006982	4
009689	6
008479	5
007305	4
002207	2
007708	5
002054	2
002093	2
008879	5
006861	4
006058	4
004081	3
006548	4
000165	1
006044	4
001495	2
004129	3
007667	5
005946	4
009769	6
005936	4
008191	5
008021	5
008033	5
005431	4
006926	4
003350	2
002934	2
007510	5
002928	2
000289	1
000781	1
005474	4
000785	1
008281	5
007208	4
001530	2
004921	3
005783	4
004442	3
001154	1
004574	3
003047	2
003665	3
005970	4
006798	4
001927	2
004454	3
000560	1
005487	4
009702	6
005541	4
004946	3
009542	6
008013	5
000525	1
002139	2
007560	5
003527	3
004752	3
009488	6
007398	5
000900	1
009837	6
009232	5
006643	4
004003	3
007844	5
003922	3
001018	1
002897	2
006874	4
001515	2
007873	5
009412	6
009456	6
000806	1
006766	4
007051	4
007601	5
003752	3
008809	5
007781	5
003516	3
006406	4
006659	4
003283	2
002188	2
000701	1
001094	1
006600	4
004285	3
009092	5
009199	5
000942	1
006983	4
006392	4
005159	3
008001	5
008884	5
008754	5
006612	4
004070	3
000860	1
003697	3
004316	3
004583	3
000125	1
006627	4
002028	2
005789	4
007234	4
008638	5
003049	2
009541	6
001897	2
004736	3
008557	5
004335	3
009186	5
003392	3
002246	2
007581	5
009181	5
007151	4
001791	2
006913	4
001880	2
006158	4
006830	4
001807	2
005777	4
008180	5
004808	3
005242	3
005227	3
004001	3
005039	3
001956	2
008845	5
000544	1
000497	1
006781	4
003023	2
004562	3
004166	3
000292	1
006258	4
005110	3
009663	6
000188	1
009616	6
005412	4
007763	5
008444	5
008185	5
002134	2
007533	5
002135	2
003626	3
007548	5
002871	2
006900	4
005735	4
005574	4
004878	3
002754	2
009484	6
002694	2
009263	5
002780	2
004778	3
009794	6
007905	5
003333	2
009415	6
005354	3
009841	6
004395	3
000948	1
004060	3
000410	1
005304	3
008243	5
001203	1
000523	1
004039	3
006789	4
007410	5
009097	5
006284	4
007131	4
001935	2
005153	3
006582	4
007970	5
009548	6
004510	3
004613	3
002496	2
000335	1
003428	3
003910	3
002091	2
001047	1
006036	4
007387	5
008575	5
006033	4
000803	1
000923	1
007969	5
006338	4
006965	4
003518	3
000252	1
005129	3
001487	2
007805	5
000509	1
003591	3
008183	5
001979	2
007516	5
008747	5
002888	2
009313	5
001102	1
002506	2
006570	4
003189	2
002758	2
004428	3
005859	4
003916	3
005033	3
008040	5
001997	2
003908	3
003468	3
008266	5
005206	3
009781	6
000456	1
000283	1
000875	1
001811	2
006472	4
002443	2
000184	1
002747	2
006547	4
001776	2
001506	2
007926	5
001532	2
009783	6
002719	2
000466	1
007021	4
003953	3
005892	4
001560	2
001784	2
001948	2
006610	4
009468	6
004246	3
000193	1
005333	3
009840	6
000277	1
004881	3
003294	2
001866	2
009869	6
005771	4
002826	2
009211	5
006831	4
008978	5
001128	1
001177	1
006206	4
005666	4
008095	5
007645	5
004801	3
001853	2
005040	3
003934	3
007163	4
007256	4
009874	6
004349	3
002577	2
007409	5
000209	1
005288	3
009387	6
005756	4
001419	2
002056	2
007452	5
001103	1
003984	3
008932	5
008414	5
007272	4
006280	4
005716	4
006873	4
000715	1
007498	5
003221	2
006250	4
001567	2
007517	5
002415	2
004447	3
005712	4
005303	3
007129	4
006296	4
001254	1
000083	1
002868	2
009276	5
007040	4
006648	4
005208	3
001769	2
007393	5
004183	3
001765	2
005901	4
007577	5
009026	5
000041	1
007627	5
009644	6
009471	6
000365	1
004253	3
006427	4
002781	2
000570	1
002544	2
007121	4
005329	3
003588	3
006817	4
006705	4
000290	1
009562	6
009498	6
009292	5
004294	3
006843	4
001097	1
001542	2
009547	6
005061	3
004483	3
009166	5
003791	3
002622	2
008666	5
004698	3
001207	1
001211	1
009193	5
009141	5
004460	3
004417	3
007223	4
001404	2
009375	6
001817	2
005389	4
001407	2
006103	4
008480	5
005016	3
002200	2
005972	4
008819	5
004787	3
009585	6
008934	5
001034	1
000378	1
002096	2
005424	4
003281	2
004156	3
002604	2
005873	4
003172	2
007092	4
008791	5
007257	4
006276	4
008912	5
003658	3
009460	6
008365	5
006779	4
004955	3
007511	5
005976	4
004554	3
001854	2
005790	4
003291	2
003817	3
000992	1
009474	6
008629	5
004383	3
000318	1
008223	5
008635	5
006131	4
009090	5
002643	2
000486	1
006197	4
009534	6
003668	3
009654	6
000735	1
007484	5
006110	4
003467	3
003029	2
009634	6
008222	5
001843	2
009053	5
001517	2
009516	6
004679	3
001263	1
006820	4
005091	3
006995	4
004571	3
004181	3
002471	2
009244	5
009703	6
003657	3
007534	5
008708	5
005874	4
003124	2
001431	2
004795	3
008407	5
000899	1
006340	4
005248	3
008603	5
005629	4
008532	5
002266	2
001774	2
005872	4
004927	3
007159	4
000542	1
009507	6
006381	4
002817	2
008922	5
002072	2
002259	2
002505	2
004289	3
001335	1
005871	4
003255	2
008751	5
002117	2
003215	2
005151	3
008286	5
000096	1
002324	2
004387	3
005399	4
009015	5
008678	5
003355	2
004601	3
000206	1
000600	1
002675	2
009861	6
009470	6
001635	2
002119	2
006003	4
005253	3
005937	4
005194	3
005682	4
002112	2
007787	5
002990	2
003369	2
000699	1
002981	2
009343	5
006191	4
001326	1
000501	1
005498	4
008909	5
003453	3
008975	5
003007	2
000222	1
007075	4
003701	3
008199	5
007023	4
007877	5
009269	5
008307	5
007553	5
006202	4
007406	5
000426	1
003258	2
005384	4
004968	3
004057	3
006047	4
007306	4
009245	5
000366	1
009746	6
003320	2
008399	5
000110	1
003688	3
006275	4
000352	1
004167	3
007070	4
000323	1
003081	2
002293	2
007102	4
005054	3
007006	4
005525	4
009040	5
004135	3
001006	1
000827	1
003018	2
008422	5
009652	6
001616	2
008381	5
005433	4
006260	4
004870	3
008867	5
009847	6
004485	3
001554	2
008501	5
004473	3
009377	6
007261	4
006513	4
006498	4
001659	2
007277	4
004845	3
002440	2
001396	2
000591	1
004207	3
008802	5
005752	4
006541	4
001690	2
003280	2
008275	5
008634	5
002384	2
002362	2
002571	2
009596	6
002745	2
002592	2
007614	5
008384	5
004936	3
007869	5
008134	5
007649	5
000522	1
001218	1
006216	4
001325	1
001305	1
007379	5
006553	4
004374	3
009497	6
001766	2
008562	5
007656	5
008060	5
003861	3
000004	1
005615	4
002748	2
003754	3
002804	2
001330	1
004472	3
009536	6
001433	2
007620	5
006094	4
008438	5
003054	2
009863	6
009411	6
005585	4
008758	5
007861	5
001067	1
006243	4
007802	5
003593	3
007680	5
006184	4
007013	4
008734	5
006655	4
001832	2
006045	4
001350	1
009579	6
000034	1
001165	1
000039	1
007747	5
006113	4
008797	5
009782	6
006364	4
006015	4
003586	3
000302	1
005492	4
005800	4
001080	1
000755	1
007880	5
004184	3
002305	2
006230	4
003824	3
008003	5
006592	4
009871	6
006545	4
008654	5
006989	4
000147	1
003895	3
001358	1
005847	4
009017	5
004123	3
007496	5
003035	2
006849	4
001670	2
001153	1
002255	2
001312	1
000363	1
007897	5
003966	3
003456	3
001772	2
002714	2
008445	5
008980	5
001118	1
003517	3
005656	4
007133	4
001465	2
009038	5
000783	1
003507	3
005539	4
006087	4
005342	3
005435	4
007313	4
002513	2
004609	3
002717	2
007115	4
002400	2
006425	4
001435	2
000343	1
004831	3
000971	1
000231	1
005835	4
004494	3
000484	1
001585	2
000143	1
009400	6
000989	1
006710	4
009753	6
005458	4
000945	1
002351	2
005088	3
004048	3
004590	3
006732	4
004966	3
005225	3
001891	2
001088	1
009583	6
000939	1
008498	5
003278	2
000341	1
002437	2
002882	2
001718	2
009162	5
001380	2
004854	3
000911	1
004699	3
008073	5
001742	2
002017	2
006852	4
001275	1
004425	3
007162	4
000767	1
001137	1
007848	5
004692	3
002044	2
002396	2
009658	6
001662	2
000434	1
002276	2
006105	4
001200	1
008677	5
008441	5
008504	5
006293	4
007789	5
008824	5
005981	4
000644	1
004269	3
001628	2
009277	5
002852	2
006637	4
006403	4
002120	2
008648	5
001253	1
008502	5
001996	2
007300	4
009218	5
006046	4
000716	1
001436	2
004226	3
002808	2
000038	1
008089	5
002278	2
001865	2
002715	2
006859	4
003541	3
000993	1
004182	3
003220	2
002247	2
003841	3
000053	1
004750	3
001182	1
005538	4
009051	5
000567	1
003963	3
005864	4
000263	1
006744	4
005551	4
007415	5
008630	5
009911	6
007098	4
003555	3
007150	4
004137	3
006029	4
002725	2
002374	2
004566	3
003923	3
009712	6
002545	2
000672	1
003332	2
004105	3
008844	5
008487	5
008990	5
004664	3
008313	5
001795	2
003653	3
005257	3
004582	3
000534	1
002073	2
006223	4
008633	5
005986	4
001391	2
007574	5
000916	1
009197	5
001399	2
000988	1
000614	1
008476	5
009041	5
002644	2
007603	5
005904	4
003917	3
003449	3
005831	4
008850	5
005385	4
005829	4
006183	4
000259	1
001205	1
003928	3
009285	5
004408	3
007181	4
001316	1
008335	5
000389	1
000869	1
001904	2
009022	5
008610	5
008547	5
001329	1
005231	3
003277	2
009152	5
007849	5
003699	3
005018	3
008577	5
002510	2
008446	5
000641	1
000786	1
009495	6
002650	2
007189	4
009902	6
004599	3
004332	3
008382	5
000244	1
007735	5
009885	6
000089	1
000489	1
006176	4
008137	5
004772	3
006791	4
005460	4
007191	4
000416	1
007323	4
003150	2
007324	4
000427	1
006171	4
006616	4
001010	1
006304	4
007720	5
006363	4
004062	3
001343	1
000079	1
002159	2
003779	3
003756	3
009895	6
001012	1
009221	5
003572	3
000015	1
001432	2
006943	4
004293	3
002734	2
000791	1
002113	2
004509	3
008374	5
006611	4
004154	3
002939	2
002209	2
006167	4
002713	2
007693	5
003459	3
005349	3
002840	2
007088	4
001485	2
005518	4
002363	2
000609	1
007864	5
003050	2
008128	5
006584	4
007090	4
001473	2
009739	6
007217	4
003774	3
003892	3
005465	4
009699	6
009768	6
000094	1
009438	6
000212	1
001907	2
006222	4
004861	3
007850	5
000575	1
005007	3
003938	3
000309	1
001308	1
001239	1
003786	3
000884	1
007262	4
003169	2
008145	5
003498	3
008355	5
007894	5
008011	5
008252	5
006141	4
004561	3
009466	6
006647	4
009063	5
006400	4
004605	3
007506	5
005781	4
004911	3
002890	2
007856	5
006049	4
006060	4
009430	6
008470	5
001353	1
003746	3
003097	2
006623	4
004213	3
006410	4
005346	3
002702	2
008711	5
008147	5
008767	5
003368	2
001553	2
008483	5
007587	5
001839	2
002861	2
006468	4
002885	2
008148	5
002760	2
001086	1
005940	4
007487	5
009117	5
001437	2
004132	3
005741	4
008592	5
008402	5
003128	2
002330	2
009307	5
003548	3
007725	5
002864	2
006117	4
004040	3
002580	2
003095	2
009483	6
000074	1
007048	4
007195	4
001649	2
002586	2
003838	3
006177	4
004634	3
003968	3
002148	2
006123	4
007892	5
000131	1
002439	2
000901	1
004588	3
009332	5
005246	3
001840	2
002069	2
007403	5
007705	5
008958	5
009233	5
008379	5
007148	4
001954	2
000413	1
002011	2
005674	4
002344	2
003575	3
004111	3
001046	1
009252	5
002163	2
000057	1
000383	1
004560	3
006396	4
008171	5
001870	2
001584	2
001519	2
003882	3
000085	1
005543	4
000844	1
009787	6
008257	5
005053	3
005500	4
002532	2
002060	2
000704	1
005621	4
002600	2
007831	5
008701	5
000828	1
001835	2
000563	1
005169	3
006591	4
007444	5
003242	2
009345	5
005613	4
003520	3
003309	2
004777	3
001569	2
001005	1
007852	5
004462	3
009839	6
000055	1
003956	3
008598	5
008820	5
009284	5
003780	3
005762	4
009707	6
002529	2
003203	2
002639	2
009828	6
009237	5
003630	3
008944	5
005078	3
006980	4
002036	2
006605	4
002689	2
002900	2
003411	3
000006	1
006837	4
003297	2
009549	6
003722	3
000491	1
000874	1
008716	5
002634	2
004061	3
001671	2
007400	5
002414	2
001813	2
006795	4
006712	4
002161	2
005516	4
008356	5
003978	3
001344	1
006940	4
009084	5
009266	5
007840	5
000093	1
009066	5
006857	4
001974	2
006604	4
007628	5
004323	3
005353	3
003158	2
000873	1
001357	1
001987	2
000690	1
006733	4
005595	4
005275	3
005957	4
005118	3
009134	5
009743	6
002244	2
005843	4
000932	1
005536	4
007540	5
005954	4
004320	3
004229	3
002648	2
009526	6
003504	3
009820	6
003813	3
007018	4
003981	3
005791	4
002980	2
006486	4
006232	4
008447	5
005326	3
008576	5
004422	3
006769	4
007761	5
000772	1
005161	3
005069	3
009730	6
008541	5
001511	2
001368	1
007612	5
000380	1
004869	3
007841	5
002853	2
009591	6
008529	5
009485	6
002567	2
008696	5
003542	3
007420	5
001087	1
009850	6
006632	4
000839	1
005600	4
001246	1
003415	3
005773	4
001474	2
005367	3
004668	3
007653	5
000526	1
007311	4
001841	2
002669	2
001523	2
003550	3
002102	2
003162	2
008942	5
005080	3
009434	6
007600	5
008489	5
006816	4
005076	3
001140	1
008625	5
004516	3
002156	2
007380	5
002560	2
000713	1
005000	3
002482	2
009581	6
002597	2
007493	5
005140	3
007445	5
003178	2
001340	1
002973	2
002030	2
006038	4
000714	1
007172	4
009826	6
002575	2
006266	4
003153	2
005352	3
002667	2
001630	2
009657	6
008607	5
002470	2
002601	2
001163	1
000592	1
008448	5
004816	3
004842	3
004304	3
009243	5
004641	3
000929	1
001541	2
004934	3
001619	2
000851	1
008002	5
004681	3
003313	2
006690	4
002178	2
001184	1
007322	4
007418	5
004705	3
004021	3
002428	2
003353	2
000838	1
006505	4
005616	4
005081	3
009563	6
004604	3
006898	4
009136	5
000696	1
004953	3
005003	3
005700	4
003066	2
006957	4
002977	2
004238	3
009153	5
006140	4
000449	1
005625	4
008419	5
001381	2
007992	5
001199	1
003873	3
001048	1
004564	3
000305	1
005418	4
002964	2
002126	2
003218	2
009618	6
009736	6
005744	4
007505	5
007125	4
007835	5
005975	4
005820	4
004974	3
001303	1
007314	4
003587	3
008518	5
004153	3
008523	5
008305	5
003600	3
008022	5
009843	6
008996	5
001634	2
006644	4
008671	5
004660	3
008915	5
003156	2
000219	1
008893	5
009183	5
007164	4
001247	1
009170	5
001279	1
001038	1
006865	4
004727	3
007797	5
007522	5
002288	2
008066	5
001966	2
003839	3
009725	6
002048	2
000997	1
002098	2
009212	5
001730	2
003679	3
001911	2
005593	4
005214	3
000298	1
008418	5
006021	4
003515	3
008910	5
005730	4
000643	1
007878	5
004455	3
006311	4
002530	2
007624	5
